1.783589185246394967e-02  -7.677603063923348515e-05  6.177482686041387363e-05  -7.491312758310444639e-07  1.292623666352004513e-03  7.774632126611427576e-04  1.171068883487453097e-02  1.800080410755023220e-04  7.866376050865192711e-04  -4.228597905650997645e-05  1.571475393709049866e-03  2.377809373612697910e-05  2.849151913543884491e-03  -2.305452163776835887e-04  -2.685405984603019791e-05  5.573517191701126734e-05  2.569428043179454923e-04  3.955699738546286648e-03
-7.748367805017825007e-05  1.783697240634144268e-02  6.121421510523797056e-05  -1.299127793477326777e-03  -6.799390166476912769e-07  -7.748519011732366317e-04  -2.289342106062277704e-04  2.846707473284004405e-03  -2.734616993837289526e-05  -2.566223243955315656e-04  -5.621260860160964313e-05  -3.954161141821618125e-03  1.792073542833770702e-04  1.171404719665760860e-02  7.869910289702156721e-04  -1.577568267815136933e-03  4.176577196401221542e-05  -2.440920090249610561e-05
4.803561317616007146e-05  4.589908032711249717e-05  4.893924809661083855e-03  -1.008750865306025471e-04  9.881774795697467566e-05  5.162135730138647967e-07  -7.687872117240108789e-04  1.754265198257737521e-05  -1.549689939184518929e-04  -7.252394165656905517e-06  7.259280227360389963e-04  -1.166260679195969395e-05  1.776353992236094279e-05  -7.660469743748690285e-04  -1.548897807340924887e-04  -7.268420479307483506e-04  7.347011086013068770e-06  1.208841356071013063e-05
2.631518963597181513e-06  -1.307672835452053850e-03  -9.928754131509196683e-05  2.554983697433226703e-02  3.692889374554422316e-05  -7.559628746123349993e-05  8.088454744291498138e-05  -1.510368231453327475e-04  4.146803913859878490e-05  1.044272363933541675e-03  -7.282314255765532740e-05  7.832797556112361306e-04  5.105276097825672539e-05  -1.637762526186499826e-03  7.254429227660420419e-04  -1.740034277525537385e-03  2.880285537922699975e-05  -7.920671128603908777e-06
1.300824905559541536e-03  -4.477580522656327275e-06  9.711766587381469025e-05  3.703923217221170193e-05  2.555541638670241755e-02  -7.983088621296991069e-05  1.644197310558022677e-03  -5.069538496448719651e-05  -7.250252027688917564e-04  2.859815321596072792e-05  -1.741322937307704767e-03  -3.560598246198081663e-06  1.515348946565336604e-04  -8.200741169551212966e-05  -4.154559745017143081e-05  -7.231417031359418663e-05  1.045028142842585129e-03  7.800111298290868765e-04
7.720705281546067725e-04  -7.691848192996432248e-04  6.070093384064828144e-07  -6.855163485114813392e-05  -7.402030034961567476e-05  2.875385361262849937e-02  8.363085218951990573e-04  4.366769750831078246e-03  8.017483881852392649e-05  -7.220184396855696893e-04  1.609324956137428051e-04  -1.729327149431322905e-03  -4.371193805457349035e-03  -8.345888792360455551e-04  -8.031504572396036350e-05  1.563747255384742476e-04  -7.239036331960519311e-04  -1.733500682645465994e-03
1.171675527188624673e-02  -2.351351260806912747e-04  -7.833678210992943338e-04  8.434876093256839268e-05  1.645286021749084015e-03  8.243381590134518004e-04  1.787321824837931686e-02  4.995362705764717871e-04  -1.634484596260977183e-04  -1.329043783988102920e-04  1.299187325683633532e-03  1.931823956512916717e-04  3.186301365051534031e-03  -1.072974413794941214e-03  -2.641232003104516620e-04  4.277706117044135278e-04  8.334126222919532737e-04  1.869761808207717714e-03
2.113804429323753466e-04  2.871083662224824858e-03  2.232017259679347875e-05  -1.642847021128503366e-04  -4.815817386602123918e-05  4.352558574352608303e-03  4.760755928014532819e-04  2.192887762001446625e-02  8.123240868255429410e-05  -1.269838241998238419e-03  8.269364641468064236e-05  9.182019373833320884e-04  -2.774348277502160839e-03  3.174783836481129620e-03  4.193416638285547295e-04  -6.673802419266848182e-04  -9.603506374910276370e-04  1.165036177671343286e-03
7.449750819532338468e-04  -4.517212882957200406e-05  -1.637177233141695913e-04  4.538668073265077912e-05  -7.183517424760334485e-04  8.827485337900754401e-05  -1.000139926313675301e-04  8.236673428870521527e-05  5.007131496507982900e-03  -2.165697867008946134e-05  -1.174046239172157191e-04  4.123361091938437903e-05  4.287576557260511906e-04  -2.598594743386928156e-04  -9.825168012519301306e-05  2.298901298714638278e-06  5.757475797763905679e-05  -3.454967978107360545e-05
-5.803075049210717898e-05  -3.326648360150419011e-04  -1.042172205307557138e-05  1.041041730598389007e-03  2.813521315310562348e-05  -7.200604018378954380e-04  -1.318008945881400077e-04  -1.275010614731221254e-03  -2.293312975494040987e-05  2.793477472979300977e-02  -3.600642310643086647e-05  2.045886208816425267e-04  9.643130373660881507e-04  -7.834485652222725888e-04  -5.599309899376529021e-05  4.304774043256584900e-05  8.195895853717086415e-05  -4.687685810708585796e-04
1.567966021903162725e-03  -7.276239805128218103e-05  7.325338653855320613e-04  -7.474254105618398359e-05  -1.739970509465672529e-03  1.612008070385025289e-04  1.296625759646823995e-03  8.600974484408202461e-05  -1.350123091194698496e-04  -3.508818823086009805e-05  2.576612196608810482e-02  3.641962447956201293e-05  6.698294553775264179e-04  -4.101873226240033673e-04  -3.227909872192627855e-06  -3.333254966940688610e-05  3.957802131452586809e-05  1.593407140529371966e-04
2.837524580495088888e-05  -3.894432297114759634e-03  -1.974036133271940186e-05  7.846810482779224220e-04  -2.989837409591556602e-06  -1.795417790813539759e-03  2.053777485058897790e-04  9.523346466147178174e-04  3.621738445017915934e-05  1.765691539137139235e-04  3.382028628633397240e-05  3.144784352380623066e-02  -1.101500927166017621e-03  -1.924291289467829980e-03  1.069189546963883526e-05  1.613167240641203998e-04  -4.358757883017099974e-04  4.738513974409290855e-04
2.872923782931916664e-03  2.104044194389066214e-04  2.251279692143734259e-05  4.892917862180767147e-05  1.653498006450781685e-04  -4.357696903468459212e-03  3.176139843683455262e-03  -2.774356704734266561e-03  4.192709299960604291e-04  9.602262180410367281e-04  6.678101710679870510e-04  -1.165245635451925537e-03  2.192743770402108203e-02  4.753454214048019057e-04  8.103483672610471364e-05  -8.051135781160537956e-05  1.270296672690663558e-03  -9.207613744958565013e-04
-2.343881435133024851e-04  1.172140546436137298e-02  -7.818817629401375027e-04  -1.638963261066016469e-03  -8.565525663788335436e-05  -8.231082353065764367e-04  -1.074665283428549115e-03  3.185741876346947880e-03  -2.639521327785028970e-04  -8.333999490916463868e-04  -4.292875128818492798e-04  -1.867001290538685635e-03  4.990689149104362296e-04  1.786749955088403480e-02  -1.633056626034449675e-04  -1.293151549791593741e-03  1.329775113524950128e-04  -1.940256600066030948e-04
-4.469529128493668016e-05  7.451701327329484075e-04  -1.636070805451854513e-04  7.193252027982150040e-04  -4.552874825172839476e-05  -8.833039435930052142e-05  -2.595932642142645820e-04  4.286405363837448635e-04  -9.825738225031160845e-05  -5.755675575912478595e-05  -2.387393343154431360e-06  3.445046599049773222e-05  8.225528583506262748e-05  -1.003194511487629057e-04  5.007549757678252632e-03  1.152686810843970460e-04  2.172740283214889126e-05  -4.194057852330173485e-05
7.174902331558597347e-05  -1.575440203400907228e-03  -7.331631778447759073e-04  -1.739403921642895725e-03  -7.388373331405162319e-05  1.570546453654290432e-04  4.089362747372192919e-04  -6.695570729088475654e-04  3.101754943763144738e-06  3.930162514030517164e-05  -3.331424514589025456e-05  1.612931294261905381e-04  -8.453487771046974838e-05  -1.288039583927724687e-03  1.339849095541157233e-04  2.576062974871022593e-02  -3.503910786060896143e-05  4.614442882739321593e-05
3.324562977192564370e-04  5.796259833388458642e-05  1.043614542448743225e-05  2.812199850102283498e-05  1.043189924653855792e-03  -7.238903062650381068e-04  7.838014143109487070e-04  -9.643559504379978003e-04  5.595083746622171413e-05  8.191005139933625080e-05  4.341364620375527948e-05  -4.680200640326197909e-04  1.275885132718350022e-03  1.317522912713131481e-04  2.295427736499921451e-05  -3.592744946269126462e-05  2.793424422815896785e-02  2.091885294434137153e-04
3.899763209860339710e-03  -3.029147606789221549e-05  1.997008061694044079e-05  -7.195880086876924713e-06  7.822312077593294739e-04  -1.800262804210859321e-03  1.925554720737384599e-03  1.101018038376834311e-03  -1.055989624041823969e-05  -4.363349912721755362e-04  1.594116784292330484e-04  4.740098535530340332e-04  -9.559767485860776572e-04  -2.065027466920363363e-04  -3.644385346262001045e-05  4.257795319083562452e-05  1.784487674533525735e-04  3.143599834646533531e-02
