4.408431261828943404e-02  -2.401531671323413678e-03  2.796797521703572116e-04  5.827769582041230674e-05  -2.896390687477846558e-04  1.270309195552215111e-03  3.390375924318735079e-02  1.794185665265852613e-03  -1.920804227196606711e-04  2.448083537770236247e-05  -1.511628035566562602e-04  8.377648264948925555e-04  2.598600690110247288e-02  2.571706613241553883e-03  8.489390225749839807e-05  -1.349918005795428401e-04  -3.141581949687045211e-05  6.072928475916496323e-03
-2.400976191973245438e-03  4.690750623871903224e-02  5.542070113067955079e-06  -1.452832653311058122e-04  -1.629249534282437722e-04  -2.147373338773511577e-03  -1.886831982617922631e-03  2.351146443423093521e-02  -4.964722583953685780e-05  -5.187007095735269473e-05  -1.226498434715595016e-05  -7.680054248589933755e-03  6.213626971098057741e-03  3.141755983199628205e-02  -2.022708644772314710e-05  7.626920855535362150e-05  -1.206918182590871053e-05  -4.673142367921246342e-03
2.796860513045480311e-04  5.486770301852311103e-06  5.063555519002300997e-02  -1.077257340639840855e-03  2.150536748333623568e-03  4.171934217656620022e-05  -2.626794418692449530e-04  -6.933743477011608514e-05  2.308642931802276643e-02  -2.793411987530297212e-04  9.463953543686965883e-03  -4.904564079685176057e-05  5.007565432008601210e-05  8.123230806854984790e-05  2.289886142063684085e-02  -7.941627018071705305e-03  5.048643338305483681e-03  1.433483041158010746e-04
5.909210232500865782e-05  -1.450537471131740019e-04  -1.076462690331791983e-03  3.968544316010089862e-02  8.127655391002060062e-04  -2.360903080141595045e-04  6.151357696509359991e-05  1.092559629742949465e-04  -1.705069503119681796e-04  4.741891196563569055e-03  -5.161337730920321229e-04  -2.957341430935226789e-04  9.807543350375790014e-05  -8.083401715608454208e-05  7.604133728603537645e-03  6.726514110639620790e-04  3.196116928415552918e-03  1.919508029981517811e-04
-2.901617457985257898e-04  -1.637879327517883599e-04  2.151082162735916663e-03  8.127491291561654519e-04  3.827130586260604761e-02  -1.364126434432930124e-04  2.829996287635947708e-04  1.137985142220713472e-04  -8.955827861160961523e-03  6.527498897352781776e-04  -1.141585808482607116e-03  1.495767516667587625e-04  1.204391618336998224e-05  -2.124765043634022695e-06  -4.119684010814668798e-03  1.774438665968238599e-03  3.264767479126137219e-03  -1.630830045774977609e-04
1.269992841097040059e-03  -2.148043434013286335e-03  4.121812068317628607e-05  -2.361076283898455239e-04  -1.363272638244148133e-04  3.584611096437796685e-02  6.600089545161555828e-04  7.904146248756235144e-03  -7.946005352099350615e-05  3.169160972809378484e-05  -1.577422856949793335e-04  5.851152243286715217e-05  -7.167925163427893084e-03  3.539533722542203675e-03  -1.318599842363732421e-04  4.878236591603660145e-05  4.091321037895548709e-05  1.878437024810578721e-04
3.390375382422759765e-02  -1.886812691252788598e-03  -2.627390029278565313e-04  6.114514221780457481e-05  2.833488944797404375e-04  6.602683653763758440e-04  4.409530731629504596e-02  2.411312772728719210e-03  3.086532238846334216e-04  1.067532912846576347e-04  7.769836427854085836e-05  1.141681083384997551e-03  2.616322315511014629e-02  -2.506486941414993747e-03  -4.997826681848627255e-05  1.353165195199159277e-04  1.904537729192723819e-04  6.522816589057607237e-03
1.794035096538464536e-03  2.351166029218198367e-02  -6.933389600566672436e-05  1.095927415534956283e-04  1.126974050135623288e-04  7.904531171437707143e-03  2.411504092617616779e-03  4.703082315108124412e-02  -5.246071330281397329e-05  -8.838787774122820338e-05  -2.343334866618772001e-04  1.732763308665137515e-03  -6.094277157874907098e-03  3.131240877842864090e-02  1.035352964778724077e-04  -1.505836530610601227e-04  4.006103226156971250e-05  5.230399511066408970e-03
-1.916618103249180939e-04  -4.953043593613105385e-05  2.308643794918633849e-02  -1.702980323910461592e-04  -8.956338293767634670e-03  -7.871573805306379505e-05  3.086889430254938444e-04  -5.240050834899174619e-05  5.052034198285366290e-02  -1.397747914194071971e-03  -2.601614968007464473e-03  -7.432678217837057519e-06  -1.573356169578572224e-05  9.394523017930281935e-05  2.290811084660022978e-02  -8.034964838294272882e-03  -5.215361221241429646e-03  1.330640771407729177e-05
2.452980175011766300e-05  -5.217137641586599848e-05  -2.785124738441497011e-04  4.741814753639397861e-03  6.525872647050867800e-04  3.112221856279721231e-05  1.078589613602616440e-04  -8.832094912420397560e-05  -1.397492086130602829e-03  3.949360509429704347e-02  -1.406952753289013791e-03  -1.474677629640779052e-04  1.690348081622649142e-05  2.397664360515696974e-04  8.086173801484370510e-03  7.771350728489897586e-05  -3.040501146831767806e-03  -1.698362313504084062e-05
-1.511127251160955987e-04  -1.225415170177874976e-05  9.464103087884437326e-03  -5.163379388832675318e-04  -1.141744862038408630e-03  -1.578720798109394690e-04  7.753534050526738307e-05  -2.343016623912337062e-04  -2.602160463902789076e-03  -1.407522744719845714e-03  3.794754848747726450e-02  2.204004149792661640e-04  1.184555667561506946e-04  1.222600396071444532e-04  4.128329194410517225e-03  -1.563644908805711777e-03  2.738444120176893645e-03  2.887407957173868957e-04
8.376568481177927832e-04  -7.679269634956699918e-03  -4.815872555940091962e-05  -2.955833960766236258e-04  1.492505928100992905e-04  5.854125565469744523e-05  1.142570410295239711e-03  1.732574881223765580e-03  -7.185049417170868393e-06  -1.476990118767479811e-04  2.201965687686205299e-04  3.666598002475155577e-02  -7.694789839331288121e-03  -3.224915911216111753e-03  -1.839814273265477900e-04  2.596507044438781174e-04  -2.214013812547952886e-04  -1.385229636596145564e-03
2.598617282073670265e-02  6.213647833255668551e-03  5.006830692968686892e-05  9.787233252501220562e-05  1.199108249933314610e-05  -7.167916729134405501e-03  2.616298142264448026e-02  -6.094039505779219601e-03  -1.567712622213364215e-05  1.688175612181071160e-05  1.184355955815900006e-04  -7.694679329291248190e-03  4.853751259867589152e-02  -1.608857459005105621e-04  8.591168419857935520e-05  -9.536625722532722797e-05  -1.968270923379291911e-04  -2.097888703503513266e-03
2.571445750345612794e-03  3.141733374144989321e-02  8.082883699861517118e-05  -8.125875013055738796e-05  -2.099465826868845626e-06  3.539814698864601240e-03  -2.507455116709880489e-03  3.131285086992659228e-02  9.378671022486984108e-05  2.406224669591942270e-04  1.217632634637128751e-04  -3.224504420860901249e-03  -1.613074335666519468e-04  4.271700733475981837e-02  -1.483022094962591032e-04  6.872412639637572127e-05  -3.574779126472786117e-05  -2.128323940642999200e-04
8.463944274260689997e-05  -2.020868849048743752e-05  2.289881504641738327e-02  7.604525587769210906e-03  -4.120308230595670640e-03  -1.323817738112379784e-04  -4.984780408701578781e-05  1.031037888308576546e-04  2.290812793395190922e-02  8.086158464414693742e-03  4.128055751244754171e-03  -1.843681123192247699e-04  8.606581853670697150e-05  -1.486642272929261915e-04  5.034979123408642870e-02  3.628190517219951651e-03  1.579595636746376698e-04  8.507792233237394049e-05
-1.346910038249739359e-04  7.642547950115552500e-05  -7.940679231022217816e-03  6.725958490094083569e-04  1.774245114352099003e-03  4.883372745670763607e-05  1.350319437109336735e-04  -1.501957501307831129e-04  -8.035251292365513942e-03  7.773904185482817899e-05  -1.563683337019024840e-03  2.600509734207257038e-04  -9.552948360674071247e-05  6.919772290519952311e-05  3.628410428554945319e-03  3.608412099797647654e-02  -4.128269498943883879e-04  -1.063976370534842154e-04
-3.129425129272954723e-05  -1.154667426825787173e-05  5.049268828905901368e-03  3.196437766721833048e-03  3.265276252049685059e-03  4.095819100148479354e-05  1.904609414053868752e-04  4.080067272129598227e-05  -5.215629266441646796e-03  -3.040788086447180575e-03  2.738247205786292163e-03  -2.217063815639779315e-04  -1.968148284217383429e-04  -3.578776743146781537e-05  1.577839968952119592e-04  -4.128504435430272639e-04  4.019923357024141747e-02  -2.673538730045037161e-04
6.072680650162061780e-03  -4.671822607488521246e-03  1.436930961577245183e-04  1.920349822829535695e-04  -1.625339651400886686e-04  1.884651252863984083e-04  6.523558225181622094e-03  5.230821664692845117e-03  1.335263396523387949e-05  -1.698724712491147523e-05  2.887958767739005005e-04  -1.385246754740531491e-03  -2.097720813080513474e-03  -2.135673042312690665e-04  8.493391185540630857e-05  -1.062107552783308725e-04  -2.669202550728425397e-04  3.645298580890517226e-02
