4.401752220434085316e-02  -2.578174092089619701e-03  -2.118889633650155560e-04  -1.014279319257363314e-04  2.508078119352827600e-04  1.248903334171799382e-03  3.406087767584640991e-02  1.865115660524660013e-03  3.681990274899648159e-05  -2.832240584130648828e-05  1.327340284306516521e-04  5.814493949133628034e-04  2.591048187370862191e-02  2.810435113947263100e-03  9.119538939149575603e-05  2.916324852576862087e-05  -8.932779874804054891e-05  6.024126979872553196e-03
-2.579164648298562078e-03  4.703985662648683952e-02  -1.187586657308776144e-04  1.212693656053760456e-04  2.950580353976241761e-05  -2.035898528019012589e-03  -1.456278518412630184e-03  2.340153736405010954e-02  1.220360592973273380e-04  -2.734756573706486856e-05  6.881216836419441687e-05  -7.854922231125213011e-03  6.100928748215789059e-03  3.133030659761546627e-02  1.431653473002701151e-05  -6.103871097268418931e-05  9.720058602597520122e-05  -4.640089531748486408e-03
-2.116767753530363842e-04  -1.186473048166758920e-04  5.055593624794746388e-02  -1.216362287639278844e-03  2.280542968415397338e-03  2.687837070575673325e-05  6.122322098719548190e-05  1.268766321092585140e-04  2.302635286452090965e-02  -5.100538605363614652e-04  9.477820767208473482e-03  -7.781054536843755949e-05  1.081745956555934645e-04  -7.402269080639456759e-05  2.293804621801567509e-02  -7.737555550519728022e-03  4.942155170345127919e-03  -3.110419279050914872e-05
-1.012009672990457599e-04  1.218478726998981196e-04  -1.216572591687722004e-03  3.929825409868761138e-02  7.272085246289518475e-04  5.062077965210984819e-04  -1.295378924593238259e-04  1.091032361099592128e-05  -3.566548323641737113e-04  4.745721572721788017e-03  -6.023649979162861530e-04  7.341308237561792526e-06  2.326391800706236477e-04  -3.335898379070703548e-05  7.926966113711896370e-03  5.676477529549648791e-04  3.319302346120201180e-03  8.117051294338135020e-06
2.505260745113164350e-04  2.988930671098418055e-05  2.280363272078137025e-03  7.272467531489514849e-04  3.812837499257563240e-02  1.090149688499926614e-04  -1.223669631003946288e-04  -2.997730137542353041e-04  -9.066036425540902402e-03  7.784940498824397762e-04  -1.319835285467098850e-03  2.191588674480202657e-04  -1.790703677558660751e-04  2.492349389285927318e-04  -4.220416242364881040e-03  1.919455583423874999e-03  3.357798962125332042e-03  -2.101152564169510707e-04
1.248536948344781353e-03  -2.037034244431502449e-03  2.665940455555345872e-05  5.064947019648349119e-04  1.099286159761769072e-04  3.587387829914633758e-02  1.073162990404111054e-03  7.930270333096161445e-03  2.624779930711856695e-04  -2.472915197005344122e-04  -3.119202345533464806e-05  -4.980537404379983867e-04  -7.198237489818362644e-03  3.396075167612125269e-03  -3.705676279195270072e-04  1.739480067028829544e-04  9.914859430051370154e-05  3.343020540834352929e-04
3.406122689690067873e-02  -1.455954200612087244e-03  6.121817197214952911e-05  -1.295719121623991720e-04  -1.230309352497416307e-04  1.073312985548119337e-03  4.419997922844697003e-02  2.330887582016721079e-03  -8.919421676696284587e-05  1.270274071586595323e-04  -1.244383373923452804e-04  1.028144273291115799e-03  2.592811329153963534e-02  -2.818757662796551010e-03  1.408945326480248587e-04  -1.644817897037105319e-04  7.486353416391038789e-05  6.446682568384673982e-03
1.864792644405333230e-03  2.340142416291539351e-02  1.268619625354013491e-04  1.181606310592893143e-05  -3.001443860177519071e-04  7.930210151498473525e-03  2.331044709696088787e-03  4.682891214476370134e-02  3.217389733356389772e-05  6.413659243685381709e-05  1.105272603279350180e-05  1.840996832054675502e-03  -6.060832131327777150e-03  3.154079977081202663e-02  -5.901095606184869337e-05  3.309983298699170309e-05  9.257307110806333556e-05  5.151207944423318724e-03
3.702417400203363045e-05  1.218123377713327730e-04  2.302672263325371976e-02  -3.566798029877339140e-04  -9.066470557434569075e-03  2.630134304059170538e-04  -8.914455630667529867e-05  3.197630203146227946e-05  5.072420400816023134e-02  -9.120322936443539617e-04  -2.332449034754781846e-03  -4.488480484270447189e-05  4.658626279281924811e-05  1.207454195582225725e-05  2.296660992699669709e-02  -8.167610980865240219e-03  -5.037575823585079340e-03  3.245731228818737277e-05
-2.819345027778864980e-05  -2.782953596230459465e-05  -5.098071547729694309e-04  4.745723239173504221e-03  7.786718404007392192e-04  -2.467599202127789557e-04  1.265289786072462013e-04  6.478401725705210557e-05  -9.121722295623666682e-04  3.966084555832452563e-02  -5.679641186743822909e-04  -1.143227723984343094e-04  2.636320113011715051e-05  -8.654914308515930890e-05  8.117319543812395732e-03  -8.710299096421925959e-05  -3.063995344070883243e-03  7.790026481891443332e-05
1.327736464778954243e-04  6.829472640473649924e-05  9.478840344904260196e-03  -6.019248377724751914e-04  -1.319729178097536456e-03  -3.080277294260242040e-05  -1.241671215587173891e-04  1.132972862821073609e-05  -2.332807130791696160e-03  -5.679182640303950336e-04  3.809574661617126656e-02  -2.566044135817074605e-05  8.753363074694699923e-05  -1.119331635105773691e-05  4.193634849827847753e-03  -2.101699361510479813e-03  3.022237187051615183e-03  1.712452260249146773e-04
5.817194327307459488e-04  -7.854638172868097165e-03  -7.704939764700776989e-05  7.169079176073401710e-06  2.189691412002932487e-04  -4.981868585322501378e-04  1.028339633486806274e-03  1.840810326805191865e-03  -4.487342328780568755e-05  -1.145115227840684243e-04  -2.522689658676345953e-05  3.706010786756975400e-02  -7.222685819459626413e-03  -3.379343552519039132e-03  -1.057761412593671710e-04  1.820540228118778365e-04  -1.077254418721475038e-04  -8.990949531369041682e-04
2.591056297814996190e-02  6.101189671431291560e-03  1.081614659492786013e-04  2.325262527740255228e-04  -1.790975143172666420e-04  -7.198394850166697778e-03  2.592805359219638520e-02  -6.060539551010997450e-03  4.640736535177238640e-05  2.634717089940320073e-05  8.751065800067856892e-05  -7.222950411602910292e-03  4.853136910445612212e-02  -1.781751778944029650e-04  -5.732890748642372521e-05  2.072493461803045633e-05  -6.332703501248742835e-05  -2.358447609077620865e-03
2.810371776648442916e-03  3.132928803030825271e-02  -7.412493701107126978e-05  -3.268517538289439470e-05  2.491223716417818065e-04  3.395842971995632897e-03  -2.819040495647098972e-03  3.154089242984438324e-02  1.173718399503917835e-05  -8.731849145793533519e-05  -1.178018418816899506e-05  -3.379208444207358261e-03  -1.787079729520557093e-04  4.260225076918213588e-02  -9.726925466255811407e-06  7.890471160006561795e-05  -1.620200884114333093e-04  -2.051355652034673961e-04
9.153893387702847335e-05  1.421730755650097945e-05  2.293791630464560305e-02  7.927126436713680460e-03  -4.220215781015771404e-03  -3.704002522604456639e-04  1.408097853232666351e-04  -5.911364015292853795e-05  2.296610273877964375e-02  8.117262738039390108e-03  4.194059311914947845e-03  -1.056319793508891822e-04  -5.744024133136923469e-05  -9.661973273642324481e-06  5.040252177228467939e-02  3.248769215074321075e-03  1.567632437698822129e-04  1.745253358121895252e-04
2.850831173243799149e-05  -6.096566820745628917e-05  -7.736545100101287556e-03  5.676496191988317881e-04  1.919072112959762603e-03  1.738019614873559176e-04  -1.636055391602610773e-04  3.307844070044174017e-05  -8.167242001324180253e-03  -8.704637298048720022e-05  -2.101767263332059762e-03  1.818980056100251116e-04  2.071748565776869195e-05  7.916577622199032151e-05  3.248932810856271832e-03  3.676649544616638482e-02  -4.757526445272535300e-04  -1.971522725054068021e-04
-8.916484689094252166e-05  9.746426208635996645e-05  4.941918926263367227e-03  3.319205004752277983e-03  3.357797693527071314e-03  9.879133384057780490e-05  7.496084733540893743e-05  9.214059048888090437e-05  -5.037559536958707146e-03  -3.064032754688530372e-03  3.021769538744031262e-03  -1.070077412479222416e-04  -6.339349510756724332e-05  -1.626622678850299906e-04  1.567576314000936305e-04  -4.756377568045899707e-04  3.999068908653066745e-02  -8.342001116601858741e-05
6.024057255635865971e-03  -4.639005212445896677e-03  -3.084916819986151183e-05  8.409006350398538145e-06  -2.114681257793204192e-04  3.338926198106352918e-04  6.446835075962120860e-03  5.150845648849034647e-03  3.295680002679794994e-05  7.892581643126382954e-05  1.704952442724073415e-04  -8.990575940470305148e-04  -2.358475970655572046e-03  -2.053689676776155985e-04  1.744337189109589905e-04  -1.971032840186223820e-04  -8.418277439032196933e-05  3.598603408744694560e-02
