4.402115734721787771e-02  -2.633765955634891250e-03  -1.061603780971873752e-04  -1.439245510031678154e-04  3.130058936788006964e-05  1.165710667608977355e-03  3.381122730807292059e-02  1.980253385187634354e-03  -1.255349759954817884e-04  -2.279513359717298476e-04  -1.650547126222296000e-04  5.154521265047934137e-04  2.651964336727022017e-02  2.866074070517566751e-03  6.852397708747091757e-05  1.544484361287774973e-04  6.152145871820435428e-05  6.953158532628185562e-03
-2.633663884909527662e-03  4.731004348873251580e-02  -1.364922438622371463e-04  5.785634975863073864e-05  1.320712335738671059e-04  -1.998721614941792110e-03  -1.385445379701838453e-03  2.353548693877453857e-02  -6.007880256594766270e-05  -2.042429851818352410e-04  -1.495974408022789667e-04  -8.033965228532896283e-03  6.299095723870387457e-03  3.086777020043005373e-02  1.582124927389130895e-04  -1.680910093433511394e-04  1.404128941996675688e-04  -4.309301178259898786e-03
-1.060366047420061860e-04  -1.364311808059273407e-04  5.022558103216268055e-02  -1.903192833048579936e-03  3.153443970783776414e-03  6.371668638766164456e-05  -3.565960510219099490e-05  -8.400838514022152632e-05  2.308352702341944646e-02  -2.019614942116808700e-04  9.050001174471343848e-03  1.733332953032158967e-04  8.326183123116307155e-05  2.183784832582850077e-04  2.297753026555929973e-02  -7.751350632926389851e-03  4.996010698599123376e-03  -1.523666315618173541e-04
-1.434773984872454884e-04  5.820760060795375913e-05  -1.903292458825762111e-03  3.935021343848549291e-02  2.009492029910115492e-03  4.831865029091732678e-04  -1.092273814697979322e-04  -2.392188465796128889e-04  -1.074667699672967258e-04  4.632738042431761190e-03  -4.057302003275325367e-04  2.618022037056720120e-04  7.952065482180402346e-05  3.896317797034325528e-04  8.298460182534966867e-03  2.009122353628642658e-04  3.157781527051960798e-03  -9.184143466449228282e-05
3.143329376696083253e-05  1.321848986408147904e-04  3.153445686406424267e-03  2.009171389229297798e-03  3.717022536411287298e-02  1.679927507293257644e-04  -1.476531379438539076e-04  2.329186278558617921e-04  -9.550550552924516601e-03  4.731605716989908039e-04  -1.234447194120270267e-03  -2.702571657422061851e-04  8.781637361015907342e-05  -2.478595657875410176e-04  -4.359991445322676865e-03  1.705070811371678981e-03  3.009176019686339056e-03  2.450326215801015253e-04
1.165739303575244858e-03  -1.998816807171957793e-03  6.342030276534863929e-05  4.832313726285596090e-04  1.679820030000875970e-04  3.572192670453133712e-02  1.350411452494237104e-03  7.936357025498675874e-03  1.117771064406863233e-05  -1.717856088552984363e-04  1.037707380688055193e-05  -2.375790926348455374e-04  -7.695558011868068940e-03  2.705250847902766851e-03  -2.921893651960310939e-05  -1.066806589299356008e-04  -1.384464956772496777e-06  -5.729185013462973278e-04
3.381146590309562494e-02  -1.385796712871898567e-03  -3.561793923388110767e-05  -1.094643360980602115e-04  -1.473239357966878735e-04  1.351098134707051082e-03  4.417634530400321030e-02  2.433719175507049418e-03  -8.686836917324322702e-05  -7.925241641971249350e-05  9.725596731160366336e-05  1.067643543620012785e-03  2.613604196403501723e-02  -2.869814278016189976e-03  1.589514906259647988e-04  -2.125930536726815766e-04  5.055466413767042028e-05  6.431792467800945094e-03
1.980107061163342667e-03  2.353602880780872320e-02  -8.397545779584505044e-05  -2.392254334934001666e-04  2.324251850089897073e-04  7.937022972707664589e-03  2.433499717108189228e-03  4.700338983355060313e-02  7.199781595071296967e-05  7.037596853074669519e-05  7.327325943177398417e-05  1.894035990055588587e-03  -6.428159713332761913e-03  3.125906282896177141e-02  -1.952320047872703153e-04  3.810399212705314963e-04  3.314137459516753410e-05  4.364434230115744537e-03
-1.253634088510743329e-04  -5.999451479456127000e-05  2.308366394433430599e-02  -1.071728572725859640e-04  -9.550476721668952479e-03  1.156958750308442402e-05  -8.677198003429464348e-05  7.200870952054013211e-05  5.072701744481737662e-02  -1.458764099797616766e-03  -2.012755750180284832e-03  8.726528431375301363e-05  8.834552283768618594e-05  -6.558902094166436231e-05  2.285793797412392914e-02  -7.691944855999489211e-03  -4.904528936211472075e-03  -1.137434321665250174e-04
-2.284601355738983175e-04  -2.044577054278860924e-04  -2.021160114860191272e-04  4.632488716914232550e-03  4.731572428137279288e-04  -1.723732689836569875e-04  -7.882382138920833231e-05  7.051690502793329267e-05  -1.458942313967362707e-03  3.927983790215816562e-02  -1.155317349340637253e-03  1.573996320204014432e-04  2.202085580947575041e-04  -9.956238434507510063e-05  7.973532245026219989e-03  3.640208228990566772e-04  -3.205984070749463410e-03  7.688269952339043904e-05
-1.652793446066811909e-04  -1.501021588816606428e-04  9.049711255256843653e-03  -4.061842833430165563e-04  -1.233941130257431911e-03  9.347145295497401811e-06  9.725603179232147986e-05  7.305190603469620500e-05  -2.013046022812375359e-03  -1.155232226650485016e-03  3.856487228579340981e-02  -7.736799765113574155e-05  7.449076196576358332e-05  9.852004696554789089e-05  4.148943158129757107e-03  -1.825617133840293314e-03  3.391070944377190966e-03  -1.790883898052126482e-04
5.153350805588000939e-04  -8.033927201486686445e-03  1.731322651132145255e-04  2.622353341853116788e-04  -2.701206580041780499e-04  -2.378040649879471682e-04  1.067840228881014424e-03  1.893975047960020286e-03  8.805908785999762983e-05  1.576515550421252968e-04  -7.826896231694642871e-05  3.655652017540354792e-02  -7.198674323732462237e-03  -3.066236284837333802e-03  -1.070941382099591768e-06  -2.139434378484368637e-04  4.210013203289199817e-05  -3.290271698435810049e-04
2.652011786718931272e-02  6.299515766119245623e-03  8.393933639184134076e-05  7.999287712072362987e-05  8.712485994869337855e-05  -7.696032195507061281e-03  2.613681092529723804e-02  -6.428211404564112760e-03  8.857277692538858497e-05  2.198930837083728650e-04  7.460494111631231463e-05  -7.199445212269087353e-03  4.806155693300230569e-02  9.495284134989111842e-05  -2.266937445939964653e-04  8.458896239776567127e-05  -1.321251325081727282e-04  -2.439269270372692536e-03
2.865695955471436046e-03  3.086790147654283265e-02  2.184386590180732376e-04  3.898101816543796724e-04  -2.490472597064317777e-04  2.704695440307306256e-03  -2.869765857232580309e-03  3.125904243632991047e-02  -6.560019093339105483e-05  -9.950373924762170744e-05  9.841340174301490737e-05  -3.065885560744955208e-03  9.449065337719670516e-05  4.306048144633894958e-02  -5.968221468169086663e-06  -8.082632258660060840e-05  -1.584205517227743371e-04  7.730191373426218739e-05
6.813847988198942860e-05  1.578941455902988259e-04  2.297776635133267492e-02  8.298592164552616793e-03  -4.360168780803749117e-03  -2.840821418147014294e-05  1.588279160106896928e-04  -1.950330823220456657e-04  2.285771684500095130e-02  7.973773749733212984e-03  4.149469707355596219e-03  -1.135815583608695115e-06  -2.266861436016394274e-04  -5.960792816524699588e-06  5.058759815948327132e-02  2.729331338737143141e-03  -3.574993794851706504e-05  7.106841030613423389e-05
1.543589183783741368e-04  -1.679241429991436274e-04  -7.751353139844815304e-03  2.007246945452510084e-04  1.705103563454563303e-03  -1.068712510097729853e-04  -2.126117891265215886e-04  3.813498580393771364e-04  -7.691643281938304044e-03  3.641236661940272404e-04  -1.825850750894545283e-03  -2.138363409550205277e-04  8.406227221885202922e-05  -8.092205659948949485e-05  2.729643444598582689e-03  3.763129443090398180e-02  1.102048219163547096e-04  -7.019796334697033308e-06
6.162381328551768290e-05  1.406388287433035333e-04  4.996282483471659736e-03  3.157588092992017967e-03  3.008863959671852044e-03  -1.216150315931077011e-06  5.057767041423324311e-05  3.313346351800748742e-05  -4.904571921686450182e-03  -3.205629205629524029e-03  3.391387405431923758e-03  4.221094840918630651e-05  -1.321143249071963512e-04  -1.577673264813707018e-04  -3.572241829737648089e-05  1.102354590834370818e-04  3.956800751640553171e-02  -9.566637575519021614e-05
6.952985268097374230e-03  -4.309166267661056204e-03  -1.519785056615365287e-04  -9.316407037278796443e-05  2.444963658081776656e-04  -5.731798661381734940e-04  6.431876352295457996e-03  4.364171439237984548e-03  -1.130935671527412439e-04  7.624510813954828647e-05  -1.782564364111692285e-04  -3.289548723077648749e-04  -2.439554873525792093e-03  7.724069546187709175e-05  7.180198182129058195e-05  -6.881686434184997320e-06  -9.570543252809135212e-05  3.646172833562574128e-02
