4.421684774200512064e-02  -2.401264136625174458e-03  -3.585823469391372786e-06  -1.757364589486144497e-04  -5.547333430927378167e-05  1.030138487470773703e-03  3.378748036898218676e-02  1.539922932847874026e-03  1.336068649301343719e-06  8.933066576926160685e-05  -1.724958958730404598e-07  1.353415446543093257e-03  2.605859621151069769e-02  2.732715589953718834e-03  5.387462170511371868e-06  -7.965536330264690002e-05  1.526312399653265226e-04  6.430029284661535095e-03
-2.401183158354897648e-03  4.700202837010178381e-02  -1.292590976977889630e-04  2.987781272719332992e-05  1.748279122622163010e-04  -2.080414655629112246e-03  -1.860262800974305658e-03  2.354175244659008001e-02  -8.049997212940223485e-05  -1.071586198608108796e-04  -7.401560781756567637e-05  -7.868009277787902517e-03  6.248991434461302619e-03  3.133564746960160879e-02  5.882892275014313404e-05  1.460747040418699535e-05  1.369656685920848576e-05  -4.614857202879717353e-03
-3.294381481891268199e-06  -1.287286551265164221e-04  5.055548070021433776e-02  -1.693208497292423035e-03  2.276469986650452894e-03  -6.435668236915394387e-05  -8.914774985977982511e-05  6.344560691340226898e-06  2.275049877053514705e-02  -4.147490672030958538e-04  9.206668234865326289e-03  1.609675639074134460e-04  1.389195160248787137e-04  8.970535608885524324e-05  2.303524891857194890e-02  -7.648808352227262977e-03  4.752045281952445646e-03  1.382762037788503229e-04
-1.752260782772894414e-04  3.066542867652435721e-05  -1.693236601187226610e-03  3.879489909492074562e-02  1.169482859180144465e-03  8.094852592490116142e-05  -7.341947442758713733e-05  -7.560932123644529537e-05  -3.887078673391372694e-04  4.607973076908880757e-03  -5.292181388612547709e-04  4.078085489654051528e-04  2.089799708493951047e-04  1.095401474334043097e-04  8.314645015761812710e-03  3.376269000940368978e-04  3.201433029691070405e-03  1.483792875892857700e-04
-5.546912594366365404e-05  1.744118735582371341e-04  2.276605888185227744e-03  1.169488650757531407e-03  3.825001004597047838e-02  3.867287391850864325e-04  2.161485406415618381e-04  2.193104747100183097e-05  -8.775152570858190185e-03  6.728895814851754142e-04  -9.693620403951420722e-04  -3.937772621217958883e-04  -7.592719084474664241e-05  -2.765735431302291083e-05  -4.438597141202873034e-03  2.062595465504876800e-03  3.400076420954073822e-03  6.804238523884901006e-05
1.030117311528387387e-03  -2.080769613390071483e-03  -6.412998194312087195e-05  8.104318955241070384e-05  3.855850932588190992e-04  3.631247198123113001e-02  7.463852202135627884e-04  8.103579575493053896e-03  -2.081242647717845633e-04  -3.370656881308016885e-04  -1.411619233763331308e-04  -6.505187242783193888e-04  -6.996809339080639102e-03  3.414852084158714191e-03  -1.178394763467460727e-04  4.186001542132503344e-04  -2.185013995854139521e-04  8.748640496536519223e-05
3.378714031430683773e-02  -1.860438345893557785e-03  -8.936630273710677048e-05  -7.416560939039801206e-05  2.162692076207640860e-04  7.464699564620193252e-04  4.412663288293795782e-02  2.632368925668906491e-03  -2.659871740297211281e-06  -1.012401926993335269e-04  5.203474245254981532e-05  9.707827101004035033e-04  2.631221590702640875e-02  -2.831991473695107293e-03  -3.402425976739915827e-05  2.226220080730150592e-04  -3.807395562311941353e-05  6.860981966735765596e-03
1.540061222820683249e-03  2.354200197615516008e-02  6.434558290795745399e-06  -7.512248040491169624e-05  2.168781793569607945e-05  8.104227852112488514e-03  2.632297276865795937e-03  4.716620697052879146e-02  -1.312041655529954385e-04  1.404020001744941558e-04  7.530857620766540778e-05  1.676590850030468911e-03  -6.176470995854581834e-03  3.114501748057338024e-02  1.321710810919984511e-04  -1.215503601096504054e-04  -2.618162590840257195e-04  4.844620602183884357e-03
1.436709231792855524e-06  -8.061612310879841248e-05  2.275055905461305025e-02  -3.882804481426063736e-04  -8.775482443141188055e-03  -2.080943180587302628e-04  -2.779911088172923303e-06  -1.311230516253990492e-04  5.054232733304939856e-02  -1.513590858638767063e-03  -2.855009918120141477e-03  1.500981659803903327e-04  -2.237636599389937234e-05  6.114632671611827132e-05  2.300373332979702146e-02  -7.803621076864179253e-03  -4.737412894209756462e-03  -1.988649336342461323e-05
8.870318869408804526e-05  -1.079215316981804642e-04  -4.152891363406202726e-04  4.608218799448667718e-03  6.728485618366610499e-04  -3.363876030404449485e-04  -1.016055187309661544e-04  1.408692218266464164e-04  -1.513830175145506468e-03  3.946338566601556574e-02  -1.539796868574548399e-03  -8.070852621992599186e-05  7.089725786645367670e-05  1.061492960578766629e-04  8.297449162611499063e-03  1.063749204452901044e-04  -2.922719755989932385e-03  2.172009073044069193e-04
-2.611136158462483741e-08  -7.394221948504959229e-05  9.206263433389420825e-03  -5.292444332643384724e-04  -9.692240635819272419e-04  -1.415597621337017745e-04  5.260353567743771458e-05  7.550394777403815082e-05  -2.855083105920587418e-03  -1.539653336423388915e-03  3.732708977451824894e-02  3.447346285571408349e-05  -9.671009791344518827e-05  -9.759403194952301146e-05  4.461817119743802414e-03  -2.024843097373086719e-03  3.231811105029588124e-03  -2.267198357014089353e-04
1.353339250272738575e-03  -7.868359714513595976e-03  1.613741287124297562e-04  4.078705336085395260e-04  -3.937737530859237393e-04  -6.506893173473186475e-04  9.703486126028122282e-04  1.677259297463788582e-03  1.500873932039449641e-04  -7.969921867688786038e-05  3.445809972776666817e-05  3.663726624031683060e-02  -7.499123967132440872e-03  -2.960808971247587233e-03  8.891332888262669257e-05  -4.873378537119660422e-04  3.615592216562646985e-04  -6.505590577971990911e-04
2.605927991817694189e-02  6.248635945774775116e-03  1.388195030204158076e-04  2.094196930057419526e-04  -7.586975283237069032e-05  -6.996892507938195192e-03  2.631188076395561334e-02  -6.176027963419311942e-03  -2.256239660492833046e-05  6.998087295613095637e-05  -9.745182182826867218e-05  -7.500629221925238579e-03  4.831629704823209304e-02  -1.960977299544267068e-05  2.966581224210395037e-05  -1.860457112508791548e-04  1.965057070918626583e-04  -2.612608700539053620e-03
2.732817210138704846e-03  3.133571321275904070e-02  8.998095643501560748e-05  1.102671918215095023e-04  -2.791098773941005435e-05  3.415046690478783665e-03  -2.832102943718997450e-03  3.114517580162537436e-02  6.125578899954826765e-05  1.059988744952411243e-04  -9.808171195402471787e-05  -2.960680443098631393e-03  -1.995394909126336792e-05  4.281131508594007012e-02  -2.888079665737912491e-04  2.720997996636928323e-04  1.265511644930937898e-04  -1.108986928028223072e-04
5.202739616992850407e-06  5.856945294782083954e-05  2.303507633906313329e-02  8.314434799480862476e-03  -4.438689091299616307e-03  -1.175268668397297020e-04  -3.393956168682221784e-05  1.319019107684653617e-04  2.300379310462631957e-02  8.297558308678464750e-03  4.462349475371169515e-03  8.886241212379120656e-05  2.943354880764791418e-05  -2.880177935267851921e-04  5.048309977586316194e-02  2.761555997594455567e-03  6.718206379878989489e-05  -1.505461014439093386e-05
-7.947108185690704766e-05  1.444986929576214884e-05  -7.648802730850025149e-03  3.373618523564225280e-04  2.062749571531536080e-03  4.190186351525596216e-04  2.228019631097741531e-04  -1.213053540349092092e-04  -7.803268137712535309e-03  1.062124493530745985e-04  -2.025097558649847744e-03  -4.870883715649968653e-04  -1.860365795440359902e-04  2.721458244215576097e-04  2.761755234596515677e-03  3.741192499598971349e-02  -2.770678644207867766e-04  -1.570234203257387100e-04
1.533609740632123136e-04  1.404444147966796591e-05  4.752188823653613267e-03  3.201591823687620006e-03  3.400066584959399261e-03  -2.178803527276873845e-04  -3.663756488399508445e-05  -2.623314610044696037e-04  -4.737517975476608460e-03  -2.922480058261855713e-03  3.231765098421652931e-03  3.616626142316064487e-04  1.956417164499206637e-04  1.263303882704309891e-04  6.729321420101857024e-05  -2.770595917425897883e-04  4.003938013831315201e-02  4.181285266622800632e-04
6.430059278715228102e-03  -4.614991864512844703e-03  1.385042745248150854e-04  1.484180938196242845e-04  6.871009185097944321e-05  8.767684235329503207e-05  6.860701140873758271e-03  4.844349397132608447e-03  -1.969005707069483899e-05  2.169416541921431469e-04  -2.269644188526796086e-04  -6.506529532568653068e-04  -2.613232335518546161e-03  -1.109123055285868710e-04  -1.512063911066255628e-05  -1.567259294333734460e-04  4.189806508753439137e-04  3.564392527785708448e-02
