4.488875448060878487e-02  -2.662536650667532943e-03  -3.314640404788142666e-04  -6.617999160604627531e-05  2.561612225581239781e-04  6.867893283745127352e-04  3.305399040176668080e-02  1.725649065435106875e-03  2.422639702664430579e-04  7.043045258293270556e-06  5.667735136877620517e-06  2.625528819779839626e-04  2.500056520481175326e-02  3.252247050851256576e-03  8.488660763475484281e-06  -1.209583907370958801e-04  2.564893796667317457e-04  6.142935959092194961e-03
-2.662717460526787486e-03  4.761773898235859004e-02  -2.071756389171405832e-04  -1.179990803955590045e-04  1.078066999763395905e-04  -1.301275561815022630e-03  -1.241254896275122491e-03  2.229139326134342569e-02  6.004553802026781480e-05  -9.710945579026415480e-06  1.989589861255221703e-04  -7.488666542166755660e-03  6.122967572568048522e-03  3.024598282736077476e-02  1.486078861943660270e-04  -1.306448379408573784e-05  5.532277120324722159e-05  -4.416351503768802499e-03
-3.314603472750030262e-04  -2.073454478163315440e-04  5.115597594103776097e-02  -1.039801264602196410e-03  1.859214176969142991e-03  -1.158957770546530895e-05  2.518690856840692660e-04  -7.209140129221119648e-05  2.183924116347742139e-02  -2.495349857592376241e-04  8.698957672362230345e-03  -1.544661696512882108e-04  1.468755421220371070e-05  2.685069602016303450e-04  2.186279657322592537e-02  -7.428219660937314221e-03  4.411399687589136545e-03  1.269399378866771879e-04
-6.637364740664506758e-05  -1.177553828942014930e-04  -1.039534243043784695e-03  4.052210525690223830e-02  1.122764581888460430e-03  -6.542604115808985755e-07  3.800237517193612004e-05  -2.033232503502736788e-04  -2.335388199172269805e-04  4.032607792746256345e-03  -5.263229082140418076e-04  2.451102249928176604e-04  -1.195497224191855384e-04  4.009495155773011750e-04  7.494191755478084478e-03  5.302865298530421124e-06  2.636886989265603207e-03  -1.266255323654775491e-04
2.557598199037124575e-04  1.072328149394537617e-04  1.859095020817736702e-03  1.122793585207938283e-03  3.912092490959471341e-02  1.520212291515703176e-06  -3.976888372954900941e-04  3.287001632421166766e-04  -8.549283441853943594e-03  5.063944321390310109e-04  -1.296920253809603560e-03  -9.082454151616586207e-05  1.717884621948278503e-04  -3.450147683767782608e-04  -4.178508513965730267e-03  1.867459494709078306e-03  2.787254364719807167e-03  1.464061011369592884e-04
6.867374644309640454e-04  -1.301607562192876434e-03  -1.240845595046527896e-05  -1.408804820182570200e-06  7.211809036571859140e-07  3.800536969012907607e-02  1.119911959924476839e-03  7.430674244794916936e-03  -1.974295853421375495e-04  -3.092294673537715309e-05  8.398009377967680599e-05  -6.135042206355647903e-04  -6.826648858654878367e-03  2.757252208478212958e-03  2.260876056255279503e-04  1.107390098742033004e-04  -5.828663536419698875e-05  -4.070104385699661181e-04
3.305355733701446225e-02  -1.241764311064025685e-03  2.518192064136434705e-04  3.778305956699168675e-05  -3.980906343613052167e-04  1.120099810158526037e-03  4.485478444243691520e-02  2.053152091426383320e-03  -2.119674077998919776e-05  1.717431165892430601e-04  5.946603614544072191e-05  1.093406781089650967e-03  2.485306387732902703e-02  -2.971953123435830402e-03  -1.298998918745053444e-04  9.101973689343397162e-05  -3.609828077949814800e-05  5.955873647650491813e-03
1.725451966440672089e-03  2.229112170698099860e-02  -7.231880908330421396e-05  -2.038507751038681553e-04  3.285723568012511534e-04  7.430632356905491655e-03  2.053343444566922346e-03  4.751886277544474513e-02  -2.053379234693572877e-04  -4.455644080496158166e-05  -1.345283406900013264e-04  1.697698620393788731e-03  -6.045476157255607122e-03  3.043816854402086811e-02  1.859846215049008617e-04  -2.479104882453162504e-04  -2.815718115381011426e-04  4.479381670112728489e-03
2.424656050832095879e-04  6.007602858902898364e-05  2.183977537537318270e-02  -2.327560004516496554e-04  -8.550095600470467364e-03  -1.978196368187866796e-04  -2.136226395383768891e-05  -2.054067009613434042e-04  5.105635191309758347e-02  -1.124466264020283898e-03  -1.808408664926237615e-03  4.749823627603936779e-05  -1.611370239416507171e-04  1.404961320351072040e-04  2.182844206798087092e-02  -7.369921095485594022e-03  -4.831291584688051158e-03  7.326084932201748696e-05
7.191708326814797445e-06  -1.000188862844350364e-05  -2.498130835608005198e-04  4.032577567946189073e-03  5.063607579637033817e-04  -3.039423186298371871e-05  1.717988118854535580e-04  -4.491269872064934551e-05  -1.125372196593661406e-03  3.991452793195826576e-02  -6.810776557967483788e-04  -3.126682909271467892e-04  -1.603310604626908371e-04  6.838049221100413872e-05  7.688776884119686780e-03  2.818206529058429858e-06  -3.135730318619303018e-03  1.082234914180992035e-04
5.607057076704725275e-06  1.994740228391609770e-04  8.698729731429192050e-03  -5.259672785519101763e-04  -1.297325429089246987e-03  8.380909270324789326e-05  5.962297462275739689e-05  -1.342640465686244591e-04  -1.808423235242310415e-03  -6.810866987713948230e-04  3.926151646808873769e-02  9.264326823267516687e-05  -1.422992848511472821e-04  -1.078812573600425442e-04  3.886851289152749248e-03  -1.514086537934900391e-03  2.547291087287211452e-03  -1.165156551305938899e-05
2.629288119581276871e-04  -7.488454593585723400e-03  -1.553803009578368511e-04  2.443753059788674234e-04  -9.166619508361188902e-05  -6.138253340758140220e-04  1.093144819540481589e-03  1.697444950054382814e-03  4.664457238756341547e-05  -3.144426569781037643e-04  9.271777181371564070e-05  3.775715483482841583e-02  -6.780021767214066374e-03  -3.401428286172453967e-03  1.776144449100772692e-04  -8.057755821052562523e-05  1.453295450140240684e-04  -8.213917716074011117e-04
2.500051760471584325e-02  6.122982622987918969e-03  1.469397069667620488e-05  -1.199206021985497106e-04  1.711572065998806372e-04  -6.826779211427195897e-03  2.485325683793458348e-02  -6.045003339754956989e-03  -1.611910277030823230e-04  -1.608375113092732874e-04  -1.421366489305091912e-04  -6.780156254250461687e-03  4.899811822126511063e-02  -8.954375010536731196e-05  7.177329202162772341e-05  8.870859651360822140e-05  -5.854860947722114931e-05  -1.792388172991421979e-03
3.252261123437647904e-03  3.024591082716581933e-02  2.687178234639639777e-04  4.013919986013709932e-04  -3.453433102003041540e-04  2.756969866082598607e-03  -2.972638076623691436e-03  3.043836711314715573e-02  1.407424106106407191e-04  6.835587568366818844e-05  -1.080124104703285526e-04  -3.401294701216580913e-03  -8.910702513034066510e-05  4.347314880841750967e-02  -4.328030829277747780e-04  3.608631822595157520e-04  1.737868105255140484e-04  1.227194980537187118e-04
8.769206098391586434e-06  1.485777158802913773e-04  2.186306845606452928e-02  7.494571411726505539e-03  -4.179002136162597060e-03  2.254138191094323999e-04  -1.295922561151502893e-04  1.857051387974778360e-04  2.182834899162605299e-02  7.688867426643378016e-03  3.886920266009546727e-03  1.784290164819030231e-04  7.174159998701249569e-05  -4.334511312686273776e-04  5.094614706564641604e-02  2.422079504306617025e-03  4.573778438382947805e-04  -1.814027570308111620e-04
-1.209447839800830408e-04  -1.251417792554450734e-05  -7.428691203792915990e-03  5.048652707758521512e-06  1.867692468410467755e-03  1.103612054360155934e-04  9.107042090601503222e-05  -2.485375915073550959e-04  -7.370280308596635979e-03  2.898341437607722975e-06  -1.514501308400856630e-03  -8.223822350647355000e-05  8.819666236994340642e-05  3.601496598447739101e-04  2.422289371991628686e-03  3.829960133667384414e-02  -4.549784903970870132e-04  1.873365527707687164e-04
2.562374353269524711e-04  5.567845430249990045e-05  4.411497414077426328e-03  2.636841195243961201e-03  2.787177575969947141e-03  -5.776622029659108423e-05  -3.605820724264741990e-05  -2.807890761826988598e-04  -4.830546411756768237e-03  -3.135733136444349665e-03  2.547390888734925567e-03  1.447834001630314267e-04  -5.844007828587168463e-05  1.736056643479452430e-04  4.577033648708723991e-04  -4.549192138154254067e-04  4.064745423557471204e-02  1.241668081649446777e-04
6.142920707829104855e-03  -4.416123126567692188e-03  1.264388662093215402e-04  -1.261929833876012904e-04  1.456979193907649334e-04  -4.064156210976027964e-04  5.955883535717846310e-03  4.479446724255087102e-03  7.258961142620494651e-05  1.085548822828965671e-04  -1.215692051689669439e-05  -8.212659448177241171e-04  -1.792620109955094703e-03  1.224548782257382567e-04  -1.821370264825886859e-04  1.875929003626005721e-04  1.236709213941088919e-04  3.765066720716041260e-02
