4.431762232485423475e-02  -2.542314401199166716e-03  1.552064856151407824e-04  -4.101105996108621711e-05  -3.034003281685780347e-04  1.158810626332109142e-03  3.391258652622623770e-02  1.647953268487227204e-03  -6.232422223707121561e-05  6.650675480053620434e-05  -7.586037216675056488e-05  8.068297044553712164e-04  2.596957941502733153e-02  3.017128972065049545e-03  9.170390254669673476e-06  -1.021571580159367522e-04  1.093534421409369893e-04  6.299849349513860289e-03
-2.541887145147676049e-03  4.701464271363362674e-02  -1.112921725680154238e-04  -2.509519292799158386e-04  -2.251478065854578390e-05  -1.920656008348114487e-03  -1.458427836771990877e-03  2.351281109162919880e-02  4.953783052431738626e-05  1.662588217978685449e-04  1.066839303816805869e-04  -8.446955838257726168e-03  6.044051822793365496e-03  3.141175608994146301e-02  1.934120637298705943e-04  -2.416212835040791227e-04  1.420610306372738804e-04  -4.759393959727444869e-03
1.549739642745945887e-04  -1.112441489242994272e-04  5.049267159409148026e-02  -1.179432631511755439e-03  2.575622593372556019e-03  4.105870739892340690e-05  -2.177602064888737178e-04  3.462669358333513042e-05  2.314183226931422130e-02  -4.404828604393808394e-04  9.853420569388796416e-03  -4.609411914364613727e-05  3.399643399628033780e-05  2.132549929055469135e-04  2.298338485282720722e-02  -7.744465429106921726e-03  4.566060512182731380e-03  -5.340185761456410789e-05
-4.105711807760655408e-05  -2.510821057648322959e-04  -1.179418048046526829e-03  3.965147188005730544e-02  1.046567327795867039e-03  -2.807773143574335967e-04  -5.479211192116881159e-05  1.447616624542540553e-04  -4.418634736682828406e-04  4.493675962053193980e-03  -8.332476477950827255e-04  -1.442063786344165122e-04  9.841508295612318429e-05  2.203580287204080573e-04  7.955996027525148728e-03  4.409207242350371490e-04  3.070717971326100866e-03  1.270988364668806188e-04
-3.032893128882077909e-04  -2.277905593909577284e-05  2.575631525381736047e-03  1.046313517445262090e-03  3.771354220510214628e-02  -2.113741122721227029e-06  2.594271320226929165e-04  1.164802988432047900e-04  -9.376972713283381056e-03  5.588410532937569111e-04  -1.903691456253869645e-03  -1.318049367684153751e-04  3.301714870279190726e-05  -9.461349712000947433e-05  -4.400618881466848535e-03  2.104407856205470218e-03  3.550915445090118382e-03  3.123092727927313913e-05
1.159455266177000787e-03  -1.920708095200494977e-03  4.109044408149673547e-05  -2.806350569617965525e-04  -1.286607415121365631e-06  3.620870304222574554e-02  1.050937565047432723e-03  8.046273486209405690e-03  -1.298704047594237605e-04  2.024502163699510508e-04  -4.119981578526407502e-06  -1.075432498804655647e-03  -7.235581085763090683e-03  3.312105295933191664e-03  1.536447743030649516e-04  -3.177564870787058309e-05  -1.379257595787531450e-04  1.815369062779948882e-04
3.391208395084290006e-02  -1.458315752674965932e-03  -2.179629918186573795e-04  -5.414780251849470049e-05  2.593833049153294423e-04  1.051136969068976797e-03  4.453024250851599780e-02  2.201998662318977590e-03  2.591248050389958688e-04  8.214949863131751275e-05  1.636016400807555505e-04  1.272564385968782009e-03  2.596802771815366617e-02  -2.860188872118766580e-03  -1.129201239312273779e-04  1.819698516303541605e-04  5.967878987337742544e-05  6.609577921526675441e-03
1.647669940843604457e-03  2.351284375417308711e-02  3.469262684627219475e-05  1.450335658831906536e-04  1.162283803058520492e-04  8.046003141300561018e-03  2.201816422990707667e-03  4.679855704405341127e-02  -2.476927466145780908e-04  -2.508073666516717239e-04  -8.779548533526505502e-05  2.681605202015578410e-03  -5.973677387577522313e-03  3.129276366716176455e-02  1.829298075160405766e-04  -1.811564704897639815e-04  -3.153930586479447031e-04  4.897270183858471425e-03
-6.244876945088670959e-05  4.921641081094202462e-05  2.314190511793492999e-02  -4.422341313701230129e-04  -9.376852096023256811e-03  -1.296241578692639170e-04  2.587736658974442382e-04  -2.473255161580145038e-04  4.996983958669159315e-02  -1.684061945950990650e-03  -3.222920841339724663e-03  4.573147699593536458e-05  -9.101171354090458474e-05  1.191945295459714420e-04  2.310293210846701278e-02  -7.943170401639299341e-03  -4.969954475984784091e-03  1.156625856768500946e-04
6.677454734629278239e-05  1.659751486708875676e-04  -4.407708407019149811e-04  4.493503792375902993e-03  5.584311280267062819e-04  2.016684733787130809e-04  8.257807789449413973e-05  -2.504491458778766461e-04  -1.684167949318902653e-03  3.900788453997250382e-02  -9.875032718907059484e-04  1.137706651699576377e-04  -1.788799202725646750e-04  1.621685936751585089e-04  8.567419703914305046e-03  -1.506799174172573951e-04  -3.432833219644745252e-03  -6.400524322088933262e-05
-7.604430397577019289e-05  1.051222811487507791e-04  9.853687778466216698e-03  -8.335741993666736811e-04  -1.903178961563922614e-03  -4.329549885026864729e-06  1.635948169491478765e-04  -8.647113690804207890e-05  -3.223037141225779112e-03  -9.872618658429458630e-04  3.703567779185601427e-02  1.201902450719129309e-04  -1.306070909019152861e-04  -1.119427510304314417e-04  4.339841546960619689e-03  -1.908597723560172222e-03  3.134824164892718000e-03  -1.055096678357316984e-04
8.065441226228450052e-04  -8.446147189081475506e-03  -4.601015926993438058e-05  -1.440060102399799962e-04  -1.317983233730565774e-04  -1.074502501554592745e-03  1.273071261910327595e-03  2.682051806186010710e-03  4.554676543960054505e-05  1.142791232250602907e-04  1.199920439688558719e-04  3.523933754901689003e-02  -7.210685728180292638e-03  -3.382337527796490991e-03  1.510731981074755147e-04  -2.808667407115594209e-04  1.284309580567112640e-04  -3.177320267162757708e-04
2.596981394906425211e-02  6.043849054261944340e-03  3.413409019513611816e-05  9.802578320213909964e-05  3.277176479678540620e-05  -7.235605496696466930e-03  2.596776803286133736e-02  -5.973484236612347162e-03  -9.142544871439743886e-05  -1.788267500783092092e-04  -1.309513902209607963e-04  -7.211066039748004718e-03  4.858662152832020353e-02  -2.391389963224627233e-04  2.604136319182136554e-06  -7.231607207174463722e-07  1.547090090306410071e-04  -2.527527679531124411e-03
3.017829080541820693e-03  3.141173468828096366e-02  2.135927702316574772e-04  2.200313117482158461e-04  -9.412823835925285818e-05  3.312232899075674610e-03  -2.860210049511082483e-03  3.129283047484347074e-02  1.191398992387785046e-04  1.625995836823232921e-04  -1.125440798763563144e-04  -3.382120553181236240e-03  -2.394233656141651651e-04  4.275080597497561696e-02  -4.880016474443815331e-04  3.719978983727587757e-04  1.243007832154525755e-04  -1.699570071211372430e-04
9.119458890703233274e-06  1.931494066557339518e-04  2.298323833936731161e-02  7.956156271936160040e-03  -4.400353986601648545e-03  1.538047670176073396e-04  -1.132350249407146911e-04  1.827336140467408364e-04  2.310288046435748227e-02  8.567221211294986580e-03  4.339717585091564488e-03  1.510257362010815948e-04  2.331318851328749483e-06  -4.870079887488473042e-04  5.033287405344019638e-02  3.043129583693403393e-03  2.778484737466732114e-04  -1.282314020844728397e-04
-1.025132181105402345e-04  -2.421845490471906577e-04  -7.744544379737487889e-03  4.407242164953037032e-04  2.104308906869311029e-03  -3.178029613211920336e-05  1.822718410110557628e-04  -1.805696007003121091e-04  -7.943115414450275039e-03  -1.505679474164910137e-04  -1.908703451941339045e-03  -2.807631527242578908e-04  -6.851328309564190899e-07  3.713788995032457131e-04  3.043054518390569951e-03  3.709346198582900989e-02  -3.749486020402223105e-04  1.144903415282151832e-04
1.090902299387390027e-04  1.421497607253583817e-04  4.565785768707159714e-03  3.070566111867822565e-03  3.550911644063933174e-03  -1.379114271625215562e-04  5.910345064552953242e-05  -3.157068871049062051e-04  -4.969637770061914248e-03  -3.432893240350027870e-03  3.135060303063662551e-03  1.291530528401312115e-04  1.551749892945394926e-04  1.238336575304101162e-04  2.778412717397767562e-04  -3.751860494486118267e-04  3.997698960311547173e-02  6.243358959684793723e-04
6.299906779654898016e-03  -4.759354225657461829e-03  -5.356582862637515678e-05  1.273141009424531888e-04  3.021865716158553944e-05  1.820683284352416962e-04  6.609320483064183398e-03  4.897275231186124476e-03  1.160066780567811466e-04  -6.489480647908072082e-05  -1.052820103417568826e-04  -3.180931608010326237e-04  -2.528005399706176413e-03  -1.694788970009750227e-04  -1.281737738069102658e-04  1.144519452515876072e-04  6.247778891967255537e-04  3.549900552743065485e-02
