4.409181357389106715e-02  -2.293559256958304163e-03  5.520098215394831232e-05  -4.726745465446458425e-06  -5.312754627539327594e-05  1.431210898011938716e-03  3.378383890945016454e-02  1.540077823617277833e-03  -9.325177978645942203e-05  -7.536620163496866008e-05  -1.085894829228129584e-04  8.812470654064316145e-04  2.629828103202288409e-02  2.971083520846010649e-03  -3.703874927562830965e-06  2.490502712913141297e-05  4.962758135417826884e-05  6.905424787648558639e-03
-2.293498433526836976e-03  4.727806866504087602e-02  4.299660290993595826e-05  6.762946736424912085e-05  9.270441452593568396e-05  -2.067468645103487813e-03  -1.579224261664395612e-03  2.353124249544750329e-02  -6.018449383493436268e-05  -9.520178249189834257e-05  -9.719806173692851711e-06  -8.183741398650690169e-03  6.104107372856790691e-03  3.120780284041532390e-02  -5.245734163018502720e-05  1.000597849648678306e-04  -1.642923164782857082e-04  -4.842898356911641729e-03
5.538060154912187710e-05  4.326663313481663060e-05  5.027046706040880220e-02  -2.076775228004681863e-03  2.427409886823210516e-03  -6.086255536901165097e-05  2.543707538640684117e-05  -4.538027675082596004e-05  2.315053322175121206e-02  -1.102215056747641203e-04  9.539321607971273931e-03  2.837842229456834792e-05  -4.019109031161495244e-05  -3.235649637391188306e-05  2.320253004907949987e-02  -8.131649469390296939e-03  5.267497050776488374e-03  7.614301002756554881e-05
-4.796510597914277996e-06  6.782034202518509493e-05  -2.077130297961279296e-03  3.865001472700835966e-02  1.762184930857945602e-03  7.731818783027778741e-05  -7.696596267208687150e-06  -8.405317212596708778e-05  -3.103546744352701542e-04  4.646404638827665926e-03  -7.940337068756299485e-04  1.297018955778837140e-04  -2.526912638497990279e-05  -8.478223645489054483e-06  8.720683992384728120e-03  -4.667598452010251835e-04  3.644620334789395316e-03  5.267665390417433343e-05
-5.323884427227729377e-05  9.260335371166055483e-05  2.427785848590862956e-03  1.761886039374864965e-03  3.855337568003133070e-02  2.128524141861053902e-04  -1.607568839695398095e-05  6.388640632037993457e-05  -9.144237867426935340e-03  4.319604515520688529e-04  -1.417648110398305600e-03  -1.617781734234766242e-04  1.244682164190109147e-04  -4.898189554116663176e-05  -4.617548874265066557e-03  2.151778528456811754e-03  2.754227063700581853e-03  2.372878787651988531e-04
1.430905425613668768e-03  -2.067503539331088519e-03  -6.076658486008080351e-05  7.640241808785810766e-05  2.130560027850157765e-04  3.571799503664712522e-02  9.290698867290267176e-04  7.933284163586455662e-03  -2.624564740329242375e-05  -5.657497097716958243e-05  2.828482772904591079e-05  -1.610749129366978471e-04  -7.883692446976689472e-03  3.220316697429977029e-03  5.187151521932415940e-05  -1.122724596032122034e-04  -1.686261370421398783e-04  -1.479553789007411911e-03
3.378400220980394553e-02  -1.579256296991523190e-03  2.526102796675491988e-05  -7.730471495666935505e-06  -1.595625537781933945e-05  9.286227155010713013e-04  4.426724294164435802e-02  2.608745471704726916e-03  -5.137958932558152315e-05  -1.101746606112121422e-04  2.960341149307520748e-05  1.212640363849654254e-03  2.634488863989132429e-02  -3.116630030142366909e-03  4.753494185062133967e-06  3.690251421617009206e-05  -3.059778788254566224e-05  6.733484409268070472e-03
1.540034558936278358e-03  2.353145986336898504e-02  -4.530885072370725988e-05  -8.445770283384966711e-05  6.390877593661622785e-05  7.933451883490795498e-03  2.608890673283064277e-03  4.698056530121678259e-02  8.807098020840089928e-05  1.286907497421432769e-04  6.763371355358520451e-05  2.380389290378924581e-03  -6.298687530297180162e-03  3.107116962272681374e-02  -7.500199232794654846e-05  1.145921382479610559e-04  4.366567530458682992e-05  4.190853174725579951e-03
-9.332643041106808120e-05  -6.034319751737803121e-05  2.315068701922949959e-02  -3.103237685765323226e-04  -9.144540690434748917e-03  -2.637536513330770459e-05  -5.136200436037577626e-05  8.810516201502701576e-05  5.016577635574791250e-02  -1.313903175871556197e-03  -3.090560185252196404e-03  1.082871940410462264e-04  5.745068088169349546e-05  -8.167148500013827431e-05  2.300236496937141731e-02  -7.973692441858365107e-03  -5.063843599945143208e-03  -1.279869902241003528e-04
-7.592507177582509970e-05  -9.546754580960794515e-05  -1.103123835534896928e-04  4.646026560123399200e-03  4.319937774587661304e-04  -5.535715613256521545e-05  -1.100282483167216069e-04  1.292858389918081629e-04  -1.313977879814001411e-03  3.991035492076318997e-02  -1.131144723995280337e-03  2.399108854806656843e-05  1.504682804764693712e-04  -6.617633949064002507e-05  7.866105540377296701e-03  3.225078885833908217e-04  -3.379757490691299819e-03  7.950974164551526514e-05
-1.080656330526134391e-04  -9.586044307556532934e-06  9.539288062703947871e-03  -7.940923883147801106e-04  -1.417701809179800583e-03  2.731171360925718915e-05  2.943251025245382688e-05  6.713023664007106660e-05  -3.090462772947855010e-03  -1.131267397317221694e-03  3.699821488720639318e-02  5.470632568375580337e-05  1.310967503021733370e-05  -6.206261777731842658e-05  4.268526417460398632e-03  -1.826960600911023500e-03  3.364662225998938348e-03  -1.756182054516019369e-04
8.812751539574025395e-04  -8.183557638575941415e-03  2.844370331940384748e-05  1.302599915028838115e-04  -1.620150264991556798e-04  -1.608301515041645640e-04  1.212593761005214881e-03  2.380266847345342569e-03  1.080590902870411254e-04  2.522831119695373781e-05  5.457206495008774648e-05  3.513157400552519710e-02  -7.312647113365433604e-03  -2.967224036699632125e-03  -2.838813685084597309e-05  1.824234212144524417e-05  1.344719324613684211e-04  3.087930562913636292e-04
2.629815587974001362e-02  6.104029305404207531e-03  -3.978643115329971643e-05  -2.477309345291838912e-05  1.242128337585510602e-04  -7.883135955820512464e-03  2.634488221830386806e-02  -6.298520617501937764e-03  5.745608974003250317e-05  1.510695948203623579e-04  1.263893646521998362e-05  -7.312697605203621540e-03  4.795481380431503710e-02  1.413087512721469330e-04  -9.148502735056749538e-06  -9.173218021072650425e-05  -1.249410321957970490e-04  -2.941113715894794808e-03
2.970878800295593397e-03  3.120720395372121245e-02  -3.229061803833751897e-05  -8.962472951740933582e-06  -4.857421205636889005e-05  3.220032820715778166e-03  -3.117514141462939068e-03  3.107169011499991487e-02  -8.186747928857260987e-05  -6.707514278292898470e-05  -6.136474268176579465e-05  -2.967153831684721677e-03  1.413803003069981053e-04  4.317849319303317113e-02  1.985032654654315313e-04  -2.210649330273925528e-04  8.140060193640332299e-05  6.537506001805194669e-05
-3.684184655582655910e-06  -5.216551301437649652e-05  2.320288681566663042e-02  8.720684859178469070e-03  -4.617655818621431950e-03  5.264602378555152836e-05  4.993930293811722091e-06  -7.503195367954334312e-05  2.300275447105155913e-02  7.866448135688694498e-03  4.268412566860317441e-03  -2.858589327830138337e-05  -9.030844512563585762e-06  1.989415662090700319e-04  5.015328776313043857e-02  3.358014974422219873e-03  6.492453265222910561e-06  -1.186422699855248629e-05
2.500209903318219008e-05  9.985775005655198652e-05  -8.131884612760485395e-03  -4.671884027085490706e-04  2.151849786410018651e-03  -1.123800876041637962e-04  3.681902325511053902e-05  1.145045481431421094e-04  -7.973710163020539948e-03  3.224610515576561086e-04  -1.827233721493416599e-03  1.861434687931973051e-05  -9.172439883807221965e-05  -2.201205725847668181e-04  3.358886929102661723e-03  3.692934747694513048e-02  3.615595204449588700e-05  -9.933497478085997448e-05
5.020212694720936158e-05  -1.640662229679293142e-04  5.267933823079799446e-03  3.644775613517717370e-03  2.754179911792976887e-03  -1.692444143933659296e-04  -3.074648562741435321e-05  4.348305068633305726e-05  -5.063769899025990888e-03  -3.379598612381773913e-03  3.364806585592596683e-03  1.341748921197999692e-04  -1.244364344957249750e-04  8.056155491988130314e-05  5.802716586892174053e-06  3.577893056599976780e-05  3.940753603921884340e-02  -3.775458916742375571e-04
6.905132425935976183e-03  -4.842919020461457398e-03  7.616677325919356256e-05  5.227936471324857347e-05  2.376079832156164306e-04  -1.478726304387233169e-03  6.733511981929011375e-03  4.190559454719394901e-03  -1.279633612978807813e-04  7.799588890327760558e-05  -1.749523865109086751e-04  3.085107286999294574e-04  -2.941117137721952369e-03  6.592663747700533829e-05  -1.213449788037869188e-05  -9.965061392402974636e-05  -3.768060305527044470e-04  3.539289826666839472e-02
