4.416854660789517467e-02  -2.365324398585394537e-03  2.606574963999595709e-04  -3.401458398286603539e-05  -3.683076577450044133e-04  1.211334473346168360e-03  3.388906939997572004e-02  1.725296467689043387e-03  -2.124241829272154329e-04  -5.932405146956190059e-06  -2.610741093521668254e-06  1.096415274228847202e-03  2.610476025677961956e-02  2.633249462410819537e-03  6.449223292015067422e-05  2.596507711071399286e-05  -6.747707817005772529e-05  6.450117579268182903e-03
-2.365012709165747497e-03  4.685233999936104510e-02  -2.702482665917166165e-05  -1.309386193584149093e-04  -9.970701032167172571e-05  -2.338269039407592231e-03  -1.752136651975457404e-03  2.367471260748683914e-02  1.085224445906710701e-04  2.216818498712142774e-04  1.366443761459211069e-04  -8.158169633874350415e-03  6.274436840873148444e-03  3.122161288759449024e-02  1.079453646345703515e-04  -3.095164091719258565e-04  1.014324556188548601e-04  -4.419490110606162127e-03
2.609458805115336425e-04  -2.686984913998774149e-05  5.039078994636105729e-02  -1.698246336357483142e-03  2.594935699205031150e-03  5.433093379908664943e-05  -2.801010592974946425e-04  7.192853152493939813e-05  2.303306556623173004e-02  -2.601465074896680183e-04  9.529323912907658456e-03  9.735251619582538157e-05  -4.123790659576298507e-05  1.257732472932456447e-05  2.316671369020280660e-02  -7.955373093037034632e-03  4.938432394630452860e-03  -2.438093767215765645e-04
-3.375813083978753581e-05  -1.312001326068038920e-04  -1.698533449834350225e-03  3.935523880076895881e-02  1.260643807078112334e-03  2.383984811035882119e-05  -1.661871933404823363e-04  1.810840958736748062e-04  -2.887454740038245004e-04  4.303411487524550286e-03  -5.224676089183054100e-04  -8.470323056768708637e-05  1.422589615045901181e-04  -1.736750603166421837e-05  8.424077992274334181e-03  7.706647541968111837e-05  3.506311232847506270e-03  2.040713232328710126e-06
-3.676562015878790442e-04  -9.941912098944166894e-05  2.595301870698406548e-03  1.260635131814893603e-03  3.767993553061687456e-02  4.343376483332577793e-05  4.416026121606060921e-04  -2.006345833692662955e-04  -9.377339896670172301e-03  4.939421506610381513e-04  -1.575909509124106926e-03  3.183769394982225394e-06  -1.474481340683526942e-04  2.273173409650291251e-04  -4.308574796772237508e-03  1.789274938524398808e-03  3.442364661830934515e-03  -2.778567584687325264e-04
1.210649756623625138e-03  -2.338513366715976559e-03  5.475698996559934625e-05  2.305901024977024773e-05  4.253568180986026402e-05  3.568968885508878863e-02  9.837637598109547337e-04  8.351726179575622022e-03  2.554980268497072981e-04  2.243343434876060583e-04  6.259102976400838061e-05  -1.178315020886970847e-03  -7.066859570036314146e-03  3.211749177020668377e-03  -1.345660046267682327e-04  -3.195464444472539902e-04  7.058161313704429049e-05  2.257636671535495816e-04
3.388868868446371502e-02  -1.752084568067222492e-03  -2.800224352938448570e-04  -1.661030922142871149e-04  4.409432797714979706e-04  9.834163985677081121e-04  4.426643560674416167e-02  2.564795642472320059e-03  4.586257460677394150e-05  1.733985960527786630e-05  1.034687424468554661e-04  8.215982238920158109e-04  2.615301131708321764e-02  -2.748768966255440635e-03  1.714055571495955459e-04  -2.361941935045029845e-04  -5.303874203871324696e-05  6.651402874085253665e-03
1.725910819945006410e-03  2.367459059896296139e-02  7.211764914667417284e-05  1.812582916429347692e-04  -2.007920994262538355e-04  8.350867536242543090e-03  2.565044532625643508e-03  4.691154435758150554e-02  4.929334258228766256e-05  6.958063046418908276e-05  -5.813022550845189224e-05  1.757022053213725321e-03  -6.276037888383941866e-03  3.125176942268433761e-02  -2.166288100151675031e-04  2.403952637500050902e-04  2.953823502185452571e-04  4.694984162980351573e-03
-2.126565777253344280e-04  1.084359347716493013e-04  2.303310799759069466e-02  -2.886086356656674952e-04  -9.377739823174236627e-03  2.560944766435438663e-04  4.592443627375878063e-05  4.937268482050799397e-05  5.060611679803871110e-02  -1.670728351328205690e-03  -2.607520169397013234e-03  -1.724567650335529634e-05  8.137814112418128947e-05  -2.030554253797071799e-04  2.281204606286893824e-02  -7.347348393325588319e-03  -4.693600973419581948e-03  7.812769459663757802e-05
-5.517899548605663907e-06  2.218283692976585929e-04  -2.603518558055244029e-04  4.303432049428641999e-03  4.937848227398432006e-04  2.229245345543762636e-04  1.761041812314273329e-05  6.910167234994029110e-05  -1.670473311628359195e-03  3.948848286085287346e-02  -1.552829036055741003e-03  4.545037270726293388e-05  -1.600920095367803803e-04  -2.987351464828668572e-04  8.247356359258314895e-03  4.183550957180778070e-04  -3.092816428611514304e-03  -1.920819235026927270e-04
-3.230440547289487313e-06  1.366346653213033739e-04  9.529681393158745059e-03  -5.224641819148094328e-04  -1.576463636969425942e-03  6.406092144334934958e-05  1.037534296016490349e-04  -5.789406759458165687e-05  -2.607895197514645096e-03  -1.553462851198262294e-03  3.770802079259938377e-02  7.780474828273586604e-05  2.331115900652720119e-05  -1.012091228736571171e-04  4.067026077424268880e-03  -1.221902480355497537e-03  3.370007871475141567e-03  2.279758566415719396e-04
1.096205805979853440e-03  -8.158236718463969875e-03  9.832112640508587089e-05  -8.495005708615893853e-05  2.657278959080170363e-06  -1.177944996297252593e-03  8.211415818343090894e-04  1.757159285133414817e-03  -1.807171260085948866e-05  4.470255032431534039e-05  7.883683989106738191e-05  3.684009717820478647e-02  -7.128730431062508394e-03  -2.832640519950307186e-03  1.100223303972469943e-04  -8.568014710277662143e-05  -2.519858962121223440e-04  -2.091773438587009868e-04
2.610471548068489175e-02  6.274735864034153288e-03  -4.121468803021305279e-05  1.413887309839322070e-04  -1.471060141007438310e-04  -7.067478373279072884e-03  2.615250008264235690e-02  -6.276172491747701587e-03  8.132147486913808749e-05  -1.595334451645310299e-04  2.419898832572578166e-05  -7.128755956941039071e-03  4.832509037531462076e-02  9.194334992327720020e-05  -1.446628837782735913e-04  2.269202390973792678e-04  5.960321271640270450e-05  -2.565952128733482458e-03
2.633294659744990843e-03  3.122186090415962970e-02  1.218548226199261628e-05  -1.772212863628829467e-05  2.275432066068762741e-04  3.211703987113179171e-03  -2.748657361774121347e-03  3.125145886490857811e-02  -2.030177023379240364e-04  -2.982581985941636592e-04  -1.011842568907376984e-04  -2.832248968329365794e-03  9.180360647254707010e-05  4.269844181670160582e-02  1.292482586905170259e-04  -3.785869736031963922e-05  -3.937747749993494189e-04  -9.540761247008802280e-05
6.455950765849509203e-05  1.076272202326390286e-04  2.316693258059204785e-02  8.423681520213112742e-03  -4.309297973495468392e-03  -1.347287559248156645e-04  1.710326475389458561e-04  -2.164780301017581187e-04  2.281195948649381716e-02  8.247183112476911410e-03  4.067179680582803415e-03  1.096899837501455396e-04  -1.445087442470993936e-04  1.292781454888686785e-04  5.043453293336244009e-02  2.781617227197676154e-03  -1.844166529152093293e-04  1.507875418746050739e-04
2.574300038603352829e-05  -3.093572185184377868e-04  -7.954734197304249091e-03  7.762006233439694067e-05  1.789174699666787978e-03  -3.187810543929196620e-04  -2.360872023299720359e-04  2.397082509057876993e-04  -7.347080410797643055e-03  4.183228685891361058e-04  -1.222129440020906614e-03  -8.671194689721813641e-05  2.274358540028486426e-04  -3.781538745416027059e-05  2.781665702709686019e-03  3.763706776277048888e-02  6.786637117302276819e-05  1.389659905883651957e-04
-6.765978207880775873e-05  1.011000563141612786e-04  4.938566597757033244e-03  3.506603733074669608e-03  3.442124300452849197e-03  7.086694549366576417e-05  -5.236101295365636548e-05  2.952119128744080403e-04  -4.693373218936966462e-03  -3.092787053870232547e-03  3.369962460363532235e-03  -2.522645971249555833e-04  5.992963538996408780e-05  -3.925972477307069965e-04  -1.845649798644662218e-04  6.806404884024711780e-05  3.951824431348533589e-02  5.652462522183046068e-05
6.450375851961055902e-03  -4.418931159138986785e-03  -2.426586433397259269e-04  2.173582213048573097e-06  -2.770298094485762344e-04  2.257055904114879912e-04  6.650657035655039608e-03  4.693919609874598262e-03  7.748696516861882462e-05  -1.917719969801704621e-04  2.288544262031644099e-04  -2.092792587853806977e-04  -2.566112018813836073e-03  -9.494690152514314782e-05  1.513025605973403816e-04  1.382259266016186341e-04  5.652308060943988664e-05  3.562447834776334699e-02
